0.000000e+00 0.000000e+00 0.000000e+00 0.000000e+00 0.000000e+00 0.000000e+00 3.803000e-01 -6.198000e-01 1.286700e+00 0.000000e+00 0.000000e+00 0.000000e+00 0.000000e+00 0.000000e+00 0.000000e+00 0.000000e+00 0.000000e+00 0.000000e+00 0.000000e+00 
-2.588432e-09 -4.372820e-10 0.000000e+00 5.824832e-09 0.000000e+00 0.000000e+00 3.803000e-01 -6.197999e-01 1.286700e+00 -1.014095e-07 -1.688474e-08 0.000000e+00 2.390110e-07 0.000000e+00 0.000000e+00 -5.714836e-07 2.878522e-06 -1.215366e-05 -1.772837e-10 
-3.832901e-08 -5.982277e-09 0.000000e+00 1.030729e-07 0.000000e+00 0.000000e+00 3.802998e-01 -6.197990e-01 1.286695e+00 -7.314751e-07 -1.091257e-07 0.000000e+00 2.160225e-06 0.000000e+00 0.000000e+00 -3.633054e-06 1.804671e-05 -8.932933e-05 -9.933938e-09 
-1.781566e-07 -2.477179e-08 0.000000e+00 5.729681e-07 0.000000e+00 0.000000e+00 3.802991e-01 -6.197958e-01 1.286678e+00 -2.231983e-06 -2.738899e-07 0.000000e+00 8.158179e-06 0.000000e+00 0.000000e+00 -1.041800e-05 4.713710e-05 -2.763501e-04 -9.761240e-08 
-5.202858e-07 -6.024958e-08 0.000000e+00 1.975462e-06 0.000000e+00 0.000000e+00 3.802975e-01 -6.197893e-01 1.286636e+00 -4.800862e-06 -4.204911e-07 0.000000e+00 2.140456e-05 0.000000e+00 0.000000e+00 -2.261803e-05 8.497644e-05 -5.999661e-04 -4.762087e-07 
-1.177616e-06 -1.025603e-07 0.000000e+00 5.224777e-06 0.000000e+00 0.000000e+00 3.802943e-01 -6.197788e-01 1.286553e+00 -8.550220e-06 -3.752639e-07 0.000000e+00 4.580151e-05 0.000000e+00 0.000000e+00 -4.372702e-05 1.237416e-04 -1.073482e-03 -1.597367e-06 
-2.271963e-06 -1.208813e-07 0.000000e+00 1.165787e-05 0.000000e+00 0.000000e+00 3.802883e-01 -6.197648e-01 1.286416e+00 -1.354942e-05 1.047871e-07 0.000000e+00 8.588139e-05 0.000000e+00 0.000000e+00 -7.946239e-05 1.553687e-04 -1.701264e-03 -4.242284e-06 
-3.930986e-06 -5.728035e-08 0.000000e+00 2.309139e-05 0.000000e+00 0.000000e+00 3.802777e-01 -6.197482e-01 1.286208e+00 -1.985251e-05 1.316066e-06 0.000000e+00 1.466853e-04 0.000000e+00 0.000000e+00 -1.376543e-04 1.727066e-04 -2.482288e-03 -9.637695e-06 
-6.287711e-06 1.777847e-07 0.000000e+00 4.186603e-05 0.000000e+00 0.000000e+00 3.802597e-01 -6.197309e-01 1.285914e+00 -2.751301e-05 3.591832e-06 0.000000e+00 2.336313e-04 0.000000e+00 0.000000e+00 -2.277806e-04 1.697584e-04 -3.412795e-03 -1.960566e-05 
-9.480802e-06 7.084033e-07 0.000000e+00 7.087780e-05 0.000000e+00 0.000000e+00 3.802307e-01 -6.197151e-01 1.285520e+00 -3.659061e-05 7.287503e-06 0.000000e+00 3.523868e-04 0.000000e+00 0.000000e+00 -3.604133e-04 1.415145e-04 -4.488089e-03 -3.676881e-05 
-1.365526e-05 1.694791e-06 0.000000e+00 1.135970e-04 0.000000e+00 0.000000e+00 3.801858e-01 -6.197036e-01 1.285012e+00 -4.715223e-05 1.276835e-05 0.000000e+00 5.087512e-04 0.000000e+00 0.000000e+00 -5.466744e-04 8.360386e-05 -5.703634e-03 -6.481446e-05 
-1.896307e-05 3.333769e-06 0.000000e+00 1.740759e-04 0.000000e+00 0.000000e+00 3.801192e-01 -6.196995e-01 1.284375e+00 -5.927016e-05 2.039981e-05 0.000000e+00 7.085504e-04 0.000000e+00 0.000000e+00 -7.977805e-04 -8.048876e-06 -7.055614e-03 -1.088150e-04 
-2.556359e-05 5.858400e-06 0.000000e+00 2.569470e-04 0.000000e+00 0.000000e+00 3.800238e-01 -6.197065e-01 1.283596e+00 -7.301878e-05 3.054025e-05 0.000000e+00 9.575446e-04 0.000000e+00 0.000000e+00 -1.124698e-03 -1.374682e-04 -8.541133e-03 -1.755954e-04 
-3.362358e-05 9.536996e-06 0.000000e+00 3.674120e-04 0.000000e+00 0.000000e+00 3.798914e-01 -6.197284e-01 1.282663e+00 -8.847087e-05 4.353558e-05 0.000000e+00 1.261347e-03 0.000000e+00 0.000000e+00 -1.537907e-03 -3.087515e-04 -1.015818e-02 -2.741339e-04 
-4.331684e-05 1.467168e-05 0.000000e+00 5.112235e-04 0.000000e+00 0.000000e+00 3.797130e-01 -6.197698e-01 1.281560e+00 -1.056942e-04 5.971539e-05 0.000000e+00 1.625353e-03 0.000000e+00 0.000000e+00 -2.047252e-03 -5.260775e-04 -1.190545e-02 -4.159791e-04 
-5.482354e-05 2.159658e-05 0.000000e+00 6.946601e-04 0.000000e+00 0.000000e+00 3.794784e-01 -6.198353e-01 1.280277e+00 -1.247484e-04 7.939001e-05 0.000000e+00 2.054676e-03 0.000000e+00 0.000000e+00 -2.661852e-03 -7.936458e-04 -1.378219e-02 -6.156645e-04 
-6.832926e-05 3.067582e-05 0.000000e+00 9.244956e-04 0.000000e+00 0.000000e+00 3.791768e-01 -6.199303e-01 1.278800e+00 -1.456817e-04 1.028482e-04 0.000000e+00 2.554094e-03 0.000000e+00 0.000000e+00 -3.390041e-03 -1.115573e-03 -1.578787e-02 -8.911015e-04 
-8.402372e-05 4.230122e-05 0.000000e+00 1.207962e-03 0.000000e+00 0.000000e+00 3.787964e-01 -6.200604e-01 1.277115e+00 -1.685286e-04 1.303552e-04 0.000000e+00 3.127997e-03 0.000000e+00 0.000000e+00 -4.239332e-03 -1.495774e-03 -1.792210e-02 -1.263931e-03 
-1.020993e-04 5.688987e-05 0.000000e+00 1.552710e-03 0.000000e+00 0.000000e+00 3.783247e-01 -6.202315e-01 1.275211e+00 -1.933072e-04 1.621511e-04 0.000000e+00 3.780343e-03 0.000000e+00 0.000000e+00 -5.216383e-03 -1.937850e-03 -2.018437e-02 -1.759817e-03 
-1.227495e-04 7.488153e-05 0.000000e+00 1.966762e-03 0.000000e+00 0.000000e+00 3.777487e-01 -6.204501e-01 1.273074e+00 -2.200171e-04 1.984487e-04 0.000000e+00 4.514618e-03 0.000000e+00 0.000000e+00 -6.326961e-03 -2.444998e-03 -2.257399e-02 -2.408658e-03 
-1.461664e-04 9.673587e-05 0.000000e+00 2.458465e-03 0.000000e+00 0.000000e+00 3.770547e-01 -6.207228e-01 1.270692e+00 -2.486374e-04 2.394331e-04 0.000000e+00 5.333803e-03 0.000000e+00 0.000000e+00 -7.575920e-03 -3.019922e-03 -2.509000e-02 -3.244715e-03 
-1.725393e-04 1.229296e-04 0.000000e+00 3.036436e-03 0.000000e+00 0.000000e+00 3.762287e-01 -6.210564e-01 1.268052e+00 -2.791254e-04 2.852596e-04 0.000000e+00 6.240348e-03 0.000000e+00 0.000000e+00 -8.967172e-03 -3.664751e-03 -2.773117e-02 -4.306627e-03 
-2.020517e-04 1.539534e-04 0.000000e+00 3.709510e-03 0.000000e+00 0.000000e+00 3.752564e-01 -6.214581e-01 1.265142e+00 -3.114144e-04 3.360531e-04 0.000000e+00 7.236148e-03 0.000000e+00 0.000000e+00 -1.050365e-02 -4.381034e-03 -3.049594e-02 -5.637315e-03 
-2.348791e-04 1.903089e-04 0.000000e+00 4.486685e-03 0.000000e+00 0.000000e+00 3.741231e-01 -6.219350e-01 1.261949e+00 -3.454119e-04 3.919073e-04 0.000000e+00 8.322533e-03 0.000000e+00 0.000000e+00 -1.218727e-02 -5.169759e-03 -3.338238e-02 -7.283761e-03 
-2.711869e-04 2.325057e-04 0.000000e+00 5.377062e-03 0.000000e+00 0.000000e+00 3.728140e-01 -6.224945e-01 1.258461e+00 -3.809986e-04 4.528842e-04 0.000000e+00 9.500253e-03 0.000000e+00 0.000000e+00 -1.401891e-02 -6.031354e-03 -3.638826e-02 -9.296668e-03 
-3.111270e-04 2.810576e-04 0.000000e+00 6.389787e-03 0.000000e+00 0.000000e+00 3.713144e-01 -6.231437e-01 1.254667e+00 -4.180273e-04 5.190145e-04 0.000000e+00 1.076948e-02 0.000000e+00 0.000000e+00 -1.599843e-02 -6.965661e-03 -3.951102e-02 -1.173000e-02 
-3.548348e-04 3.364803e-04 0.000000e+00 7.533997e-03 0.000000e+00 0.000000e+00 3.696094e-01 -6.238900e-01 1.250555e+00 -4.563233e-04 5.902975e-04 0.000000e+00 1.212983e-02 0.000000e+00 0.000000e+00 -1.812468e-02 -7.971925e-03 -4.274787e-02 -1.464042e-02 
-4.024271e-04 3.992879e-04 0.000000e+00 8.818759e-03 0.000000e+00 0.000000e+00 3.676846e-01 -6.247405e-01 1.246114e+00 -4.956826e-04 6.667020e-04 0.000000e+00 1.358033e-02 0.000000e+00 0.000000e+00 -2.039548e-02 -9.048893e-03 -4.609573e-02 -1.808659e-02 
-4.539989e-04 4.699895e-04 0.000000e+00 1.025302e-02 0.000000e+00 0.000000e+00 3.655256e-01 -6.257021e-01 1.241332e+00 -5.358719e-04 7.481669e-04 0.000000e+00 1.511950e-02 0.000000e+00 0.000000e+00 -2.280766e-02 -1.019487e-02 -4.955118e-02 -2.212842e-02 
-5.096205e-04 5.490870e-04 0.000000e+00 1.184555e-02 0.000000e+00 0.000000e+00 3.631185e-01 -6.267817e-01 1.236200e+00 -5.766296e-04 8.346030e-04 0.000000e+00 1.674530e-02 0.000000e+00 0.000000e+00 -2.535714e-02 -1.140765e-02 -5.311059e-02 -2.682623e-02 
-5.693343e-04 6.370719e-04 0.000000e+00 1.360488e-02 0.000000e+00 0.000000e+00 3.604498e-01 -6.279858e-01 1.230707e+00 -6.176671e-04 9.258945e-04 0.000000e+00 1.845524e-02 0.000000e+00 0.000000e+00 -2.803897e-02 -1.268458e-02 -5.677016e-02 -3.223990e-02 
-6.331527e-04 7.344230e-04 0.000000e+00 1.553930e-02 0.000000e+00 0.000000e+00 3.575065e-01 -6.293206e-01 1.224843e+00 -6.586687e-04 1.021900e-03 0.000000e+00 2.024635e-02 0.000000e+00 0.000000e+00 -3.084735e-02 -1.402262e-02 -6.052579e-02 -3.842791e-02 
-7.010554e-04 8.416036e-04 0.000000e+00 1.765675e-02 0.000000e+00 0.000000e+00 3.542763e-01 -6.307922e-01 1.218599e+00 -6.992928e-04 1.122455e-03 0.000000e+00 2.211524e-02 0.000000e+00 0.000000e+00 -3.377575e-02 -1.541845e-02 -6.437314e-02 -4.544645e-02 
-7.729866e-04 9.590595e-04 0.000000e+00 1.996482e-02 0.000000e+00 0.000000e+00 3.507476e-01 -6.324061e-01 1.211965e+00 -7.391747e-04 1.227374e-03 0.000000e+00 2.405812e-02 0.000000e+00 0.000000e+00 -3.681696e-02 -1.686840e-02 -6.830766e-02 -5.334856e-02 
-8.488529e-04 1.087217e-03 0.000000e+00 2.247070e-02 0.000000e+00 0.000000e+00 3.469094e-01 -6.341676e-01 1.204934e+00 -7.779291e-04 1.336452e-03 0.000000e+00 2.607090e-02 0.000000e+00 0.000000e+00 -3.996323e-02 -1.836850e-02 -7.232467e-02 -6.218324e-02 
-9.285215e-04 1.226481e-03 0.000000e+00 2.518118e-02 0.000000e+00 0.000000e+00 3.427517e-01 -6.360813e-01 1.197498e+00 -8.151517e-04 1.449468e-03 0.000000e+00 2.814914e-02 0.000000e+00 0.000000e+00 -4.320629e-02 -1.991454e-02 -7.641927e-02 -7.199472e-02 
-1.011818e-03 1.377234e-03 0.000000e+00 2.810256e-02 0.000000e+00 0.000000e+00 3.382652e-01 -6.381519e-01 1.189648e+00 -8.504218e-04 1.566184e-03 0.000000e+00 3.028817e-02 0.000000e+00 0.000000e+00 -4.653747e-02 -2.150219e-02 -8.058638e-02 -8.282174e-02 
-1.098526e-03 1.539833e-03 0.000000e+00 3.124068e-02 0.000000e+00 0.000000e+00 3.334416e-01 -6.403830e-01 1.181378e+00 -8.833055e-04 1.686352e-03 0.000000e+00 3.248312e-02 0.000000e+00 0.000000e+00 -4.994777e-02 -2.312695e-02 -8.482076e-02 -9.469697e-02 
-1.188385e-03 1.714611e-03 0.000000e+00 3.460088e-02 0.000000e+00 0.000000e+00 3.282733e-01 -6.427783e-01 1.172682e+00 -9.133583e-04 1.809711e-03 0.000000e+00 3.472893e-02 0.000000e+00 0.000000e+00 -5.342799e-02 -2.478426e-02 -8.911702e-02 -1.076466e-01 
-1.281088e-03 1.901873e-03 0.000000e+00 3.818798e-02 0.000000e+00 0.000000e+00 3.227540e-01 -6.453408e-01 1.163553e+00 -9.401293e-04 1.935992e-03 0.000000e+00 3.702042e-02 0.000000e+00 0.000000e+00 -5.696879e-02 -2.646949e-02 -9.346965e-02 -1.216898e-01 
-1.376286e-03 2.101897e-03 0.000000e+00 4.200631e-02 0.000000e+00 0.000000e+00 3.168779e-01 -6.480730e-01 1.153986e+00 -9.631638e-04 2.064919e-03 0.000000e+00 3.935235e-02 0.000000e+00 0.000000e+00 -6.056079e-02 -2.817800e-02 -9.787307e-02 -1.368390e-01 
-1.473582e-03 2.314935e-03 0.000000e+00 4.605963e-02 0.000000e+00 0.000000e+00 3.106404e-01 -6.509770e-01 1.143977e+00 -9.820071e-04 2.196214e-03 0.000000e+00 4.171942e-02 0.000000e+00 0.000000e+00 -6.419466e-02 -2.990516e-02 -1.023217e-01 -1.530991e-01 
-1.572533e-03 2.541210e-03 0.000000e+00 5.035119e-02 0.000000e+00 0.000000e+00 3.040379e-01 -6.540545e-01 1.133521e+00 -9.962070e-04 2.329592e-03 0.000000e+00 4.411635e-02 0.000000e+00 0.000000e+00 -6.786119e-02 -3.164642e-02 -1.068097e-01 -1.704683e-01 
-1.672654e-03 2.780914e-03 0.000000e+00 5.488372e-02 0.000000e+00 0.000000e+00 2.970674e-01 -6.573066e-01 1.122614e+00 -1.005318e-03 2.464769e-03 0.000000e+00 4.653788e-02 0.000000e+00 0.000000e+00 -7.155137e-02 -3.339736e-02 -1.113314e-01 -1.889378e-01 
-1.773412e-03 3.034214e-03 0.000000e+00 5.965941e-02 0.000000e+00 0.000000e+00 2.897271e-01 -6.607341e-01 1.111253e+00 -1.008901e-03 2.601460e-03 0.000000e+00 4.897884e-02 0.000000e+00 0.000000e+00 -7.525644e-02 -3.515367e-02 -1.158811e-01 -2.084922e-01 
-1.874236e-03 3.301247e-03 0.000000e+00 6.467996e-02 0.000000e+00 0.000000e+00 2.820159e-01 -6.643374e-01 1.099437e+00 -1.006533e-03 2.739382e-03 0.000000e+00 5.143416e-02 0.000000e+00 0.000000e+00 -7.896799e-02 -3.691124e-02 -1.204529e-01 -2.291102e-01 
-1.974507e-03 3.582122e-03 0.000000e+00 6.994656e-02 0.000000e+00 0.000000e+00 2.739335e-01 -6.681163e-01 1.087162e+00 -9.978028e-04 2.878255e-03 0.000000e+00 5.389889e-02 0.000000e+00 0.000000e+00 -8.267799e-02 -3.866613e-02 -1.250413e-01 -2.507650e-01 
-2.073571e-03 3.876920e-03 0.000000e+00 7.545990e-02 0.000000e+00 0.000000e+00 2.654806e-01 -6.720704e-01 1.074428e+00 -9.823157e-04 3.017802e-03 0.000000e+00 5.636827e-02 0.000000e+00 0.000000e+00 -8.637883e-02 -4.041464e-02 -1.296405e-01 -2.734246e-01 
-2.170733e-03 4.185696e-03 0.000000e+00 8.122021e-02 0.000000e+00 0.000000e+00 2.566583e-01 -6.761989e-01 1.061234e+00 -9.596974e-04 3.157750e-03 0.000000e+00 5.883768e-02 0.000000e+00 0.000000e+00 -9.006340e-02 -4.215331e-02 -1.342449e-01 -2.970532e-01 
-2.265261e-03 4.508475e-03 0.000000e+00 8.722729e-02 0.000000e+00 0.000000e+00 2.474687e-01 -6.805006e-01 1.047579e+00 -9.295942e-04 3.297835e-03 0.000000e+00 6.130274e-02 0.000000e+00 0.000000e+00 -9.372510e-02 -4.387893e-02 -1.388491e-01 -3.216111e-01 
-2.356391e-03 4.845258e-03 0.000000e+00 9.348048e-02 0.000000e+00 0.000000e+00 2.379143e-01 -6.849741e-01 1.033464e+00 -8.916749e-04 3.437796e-03 0.000000e+00 6.375926e-02 0.000000e+00 0.000000e+00 -9.735785e-02 -4.558858e-02 -1.434476e-01 -3.470561e-01 
-2.443325e-03 5.196021e-03 0.000000e+00 9.997872e-02 0.000000e+00 0.000000e+00 2.279982e-01 -6.896177e-01 1.018890e+00 -8.456324e-04 3.577378e-03 0.000000e+00 6.620327e-02 0.000000e+00 0.000000e+00 -1.009561e-01 -4.727959e-02 -1.480351e-01 -3.733441e-01 
-2.525237e-03 5.560713e-03 0.000000e+00 1.067206e-01 0.000000e+00 0.000000e+00 2.177243e-01 -6.944294e-01 1.003858e+00 -7.911843e-04 3.716336e-03 0.000000e+00 6.863106e-02 0.000000e+00 0.000000e+00 -1.045150e-01 -4.894962e-02 -1.526064e-01 -4.004295e-01 
-2.601273e-03 5.939260e-03 0.000000e+00 1.137043e-01 0.000000e+00 0.000000e+00 2.070967e-01 -6.994069e-01 9.883696e-01 -7.280744e-04 3.854429e-03 0.000000e+00 7.103912e-02 0.000000e+00 0.000000e+00 -1.080301e-01 -5.059660e-02 -1.571566e-01 -4.282665e-01 
-2.670556e-03 6.331563e-03 0.000000e+00 1.209276e-01 0.000000e+00 0.000000e+00 1.961199e-01 -7.045479e-01 9.724275e-01 -6.560725e-04 3.991427e-03 0.000000e+00 7.342420e-02 0.000000e+00 0.000000e+00 -1.114976e-01 -5.221875e-02 -1.616808e-01 -4.568094e-01 
-2.732184e-03 6.737501e-03 0.000000e+00 1.283882e-01 0.000000e+00 0.000000e+00 1.847989e-01 -7.098497e-01 9.560345e-01 -5.749753e-04 4.127102e-03 0.000000e+00 7.578327e-02 0.000000e+00 0.000000e+00 -1.149143e-01 -5.381458e-02 -1.661741e-01 -4.860134e-01 
-2.785241e-03 7.156932e-03 0.000000e+00 1.360833e-01 0.000000e+00 0.000000e+00 1.731388e-01 -7.153099e-01 9.391938e-01 -4.846062e-04 4.261237e-03 0.000000e+00 7.811355e-02 0.000000e+00 0.000000e+00 -1.182774e-01 -5.538291e-02 -1.706322e-01 -5.158350e-01 
-2.828791e-03 7.589690e-03 0.000000e+00 1.440099e-01 0.000000e+00 0.000000e+00 1.611453e-01 -7.209254e-01 9.219094e-01 -3.848156e-04 4.393619e-03 0.000000e+00 8.041244e-02 0.000000e+00 0.000000e+00 -1.215847e-01 -5.692282e-02 -1.750504e-01 -5.462326e-01 
-2.861886e-03 8.035590e-03 0.000000e+00 1.521647e-01 0.000000e+00 0.000000e+00 1.488238e-01 -7.266935e-01 9.041852e-01 -2.754806e-04 4.524043e-03 0.000000e+00 8.267759e-02 0.000000e+00 0.000000e+00 -1.248346e-01 -5.843364e-02 -1.794247e-01 -5.771671e-01 
-2.883566e-03 8.494427e-03 0.000000e+00 1.605442e-01 0.000000e+00 0.000000e+00 1.361803e-01 -7.326111e-01 8.860261e-01 -1.565045e-04 4.652307e-03 0.000000e+00 8.490681e-02 0.000000e+00 0.000000e+00 -1.280257e-01 -5.991499e-02 -1.837509e-01 -6.086017e-01 
-2.892863e-03 8.965973e-03 0.000000e+00 1.691448e-01 0.000000e+00 0.000000e+00 1.232207e-01 -7.386755e-01 8.674368e-01 -2.781687e-05 4.778214e-03 0.000000e+00 8.709810e-02 0.000000e+00 0.000000e+00 -1.311572e-01 -6.136671e-02 -1.880251e-01 -6.405027e-01 
-2.888804e-03 9.449984e-03 0.000000e+00 1.779625e-01 0.000000e+00 0.000000e+00 1.099509e-01 -7.448835e-01 8.484230e-01 1.106268e-04 4.901573e-03 0.000000e+00 8.924961e-02 0.000000e+00 0.000000e+00 -1.342288e-01 -6.278887e-02 -1.922434e-01 -6.728393e-01 
-2.870411e-03 9.946196e-03 0.000000e+00 1.869933e-01 0.000000e+00 0.000000e+00 9.637691e-02 -7.512323e-01 8.289902e-01 2.588457e-04 5.022194e-03 0.000000e+00 9.135966e-02 0.000000e+00 0.000000e+00 -1.372401e-01 -6.418174e-02 -1.964024e-01 -7.055834e-01 
-2.836709e-03 1.045433e-02 0.000000e+00 1.962330e-01 0.000000e+00 0.000000e+00 8.250483e-02 -7.577189e-01 8.091446e-01 4.168338e-04 5.139889e-03 0.000000e+00 9.342665e-02 0.000000e+00 0.000000e+00 -1.401915e-01 -6.554579e-02 -2.004986e-01 -7.387104e-01 
-2.786720e-03 1.097407e-02 0.000000e+00 2.056772e-01 0.000000e+00 0.000000e+00 6.834060e-02 -7.643405e-01 7.888927e-01 5.845603e-04 5.254472e-03 0.000000e+00 9.544911e-02 0.000000e+00 0.000000e+00 -1.430834e-01 -6.688165e-02 -2.045285e-01 -7.721979e-01 
-2.719473e-03 1.150511e-02 0.000000e+00 2.153213e-01 0.000000e+00 0.000000e+00 5.389012e-02 -7.710944e-01 7.682413e-01 7.619695e-04 5.365759e-03 0.000000e+00 9.742565e-02 0.000000e+00 0.000000e+00 -1.459163e-01 -6.819011e-02 -2.084891e-01 -8.060265e-01 
-2.634005e-03 1.204711e-02 0.000000e+00 2.251607e-01 0.000000e+00 0.000000e+00 3.915927e-02 -7.779777e-01 7.471974e-01 9.489811e-04 5.473562e-03 0.000000e+00 9.935492e-02 0.000000e+00 0.000000e+00 -1.486912e-01 -6.947208e-02 -2.123772e-01 -8.401788e-01 
-2.529360e-03 1.259970e-02 0.000000e+00 2.351907e-01 0.000000e+00 0.000000e+00 2.415379e-02 -7.849879e-01 7.257684e-01 1.145490e-03 5.577694e-03 0.000000e+00 1.012356e-01 0.000000e+00 0.000000e+00 -1.514088e-01 -7.072858e-02 -2.161901e-01 -8.746395e-01 
-2.404595e-03 1.316252e-02 0.000000e+00 2.454062e-01 0.000000e+00 0.000000e+00 8.879374e-03 -7.921226e-01 7.039620e-01 1.351366e-03 5.677966e-03 0.000000e+00 1.030665e-01 0.000000e+00 0.000000e+00 -1.540703e-01 -7.196070e-02 -2.199248e-01 -9.093945e-01 
-2.258780e-03 1.373516e-02 0.000000e+00 2.558023e-01 0.000000e+00 0.000000e+00 -6.658427e-03 -7.993793e-01 6.817861e-01 1.566455e-03 5.774186e-03 0.000000e+00 1.048462e-01 0.000000e+00 0.000000e+00 -1.566766e-01 -7.316961e-02 -2.235789e-01 -9.444311e-01 
-2.091003e-03 1.431721e-02 0.000000e+00 2.663737e-01 0.000000e+00 0.000000e+00 -2.245414e-02 -8.067558e-01 6.592489e-01 1.790575e-03 5.866157e-03 0.000000e+00 1.065736e-01 0.000000e+00 0.000000e+00 -1.592287e-01 -7.435651e-02 -2.271496e-01 -9.797366e-01 
-1.900371e-03 1.490824e-02 0.000000e+00 2.771152e-01 0.000000e+00 0.000000e+00 -3.850241e-02 -8.142499e-01 6.363589e-01 2.023520e-03 5.953681e-03 0.000000e+00 1.082472e-01 0.000000e+00 0.000000e+00 -1.617278e-01 -7.552261e-02 -2.306348e-01 -1.015299e+00 
-1.686013e-03 1.550779e-02 0.000000e+00 2.880213e-01 0.000000e+00 0.000000e+00 -5.479795e-02 -8.218596e-01 6.131248e-01 2.265057e-03 6.036553e-03 0.000000e+00 1.098658e-01 0.000000e+00 0.000000e+00 -1.641745e-01 -7.666915e-02 -2.340320e-01 -1.051104e+00 
-1.447082e-03 1.611539e-02 0.000000e+00 2.990865e-01 0.000000e+00 0.000000e+00 -7.133560e-02 -8.295831e-01 5.895555e-01 2.514925e-03 6.114567e-03 0.000000e+00 1.114278e-01 0.000000e+00 0.000000e+00 -1.665699e-01 -7.779735e-02 -2.373391e-01 -1.087138e+00 
-1.182760e-03 1.673054e-02 0.000000e+00 3.103049e-01 0.000000e+00 0.000000e+00 -8.811025e-02 -8.374185e-01 5.656601e-01 2.772837e-03 6.187509e-03 0.000000e+00 1.129319e-01 0.000000e+00 0.000000e+00 -1.689147e-01 -7.890841e-02 -2.405540e-01 -1.123384e+00 
-8.922569e-04 1.735272e-02 0.000000e+00 3.216709e-01 0.000000e+00 0.000000e+00 -1.051169e-01 -8.453643e-01 5.414479e-01 3.038477e-03 6.255163e-03 0.000000e+00 1.143764e-01 0.000000e+00 0.000000e+00 -1.712093e-01 -8.000353e-02 -2.436744e-01 -1.159823e+00 
-5.748179e-04 1.798139e-02 0.000000e+00 3.331782e-01 0.000000e+00 0.000000e+00 -1.223504e-01 -8.534188e-01 5.169285e-01 3.311500e-03 6.317308e-03 0.000000e+00 1.157598e-01 0.000000e+00 0.000000e+00 -1.734542e-01 -8.108392e-02 -2.466981e-01 -1.196434e+00 
-2.297232e-04 1.861599e-02 0.000000e+00 3.448207e-01 0.000000e+00 0.000000e+00 -1.398060e-01 -8.615806e-01 4.921116e-01 3.591530e-03 6.373720e-03 0.000000e+00 1.170803e-01 0.000000e+00 0.000000e+00 -1.756496e-01 -8.215061e-02 -2.496232e-01 -1.233190e+00 
1.437078e-04 1.925593e-02 0.000000e+00 3.565921e-01 0.000000e+00 0.000000e+00 -1.574787e-01 -8.698484e-01 4.670072e-01 3.878159e-03 6.424171e-03 0.000000e+00 1.183362e-01 0.000000e+00 0.000000e+00 -1.777956e-01 -8.320442e-02 -2.524481e-01 -1.270060e+00 
5.461134e-04 1.990061e-02 0.000000e+00 3.684858e-01 0.000000e+00 0.000000e+00 -1.753635e-01 -8.782211e-01 4.416253e-01 4.170946e-03 6.468430e-03 0.000000e+00 1.195255e-01 0.000000e+00 0.000000e+00 -1.798921e-01 -8.424606e-02 -2.551715e-01 -1.307011e+00 
9.780863e-04 2.054940e-02 0.000000e+00 3.804949e-01 0.000000e+00 0.000000e+00 -1.934555e-01 -8.866973e-01 4.159762e-01 4.469420e-03 6.506268e-03 0.000000e+00 1.206464e-01 0.000000e+00 0.000000e+00 -1.819388e-01 -8.527622e-02 -2.577918e-01 -1.344002e+00 
1.440171e-03 2.120165e-02 0.000000e+00 3.926127e-01 0.000000e+00 0.000000e+00 -2.117496e-01 -8.952760e-01 3.900705e-01 4.773079e-03 6.537452e-03 0.000000e+00 1.216968e-01 0.000000e+00 0.000000e+00 -1.839351e-01 -8.629556e-02 -2.603070e-01 -1.380986e+00 
1.932858e-03 2.185666e-02 0.000000e+00 4.048319e-01 0.000000e+00 0.000000e+00 -2.302408e-01 -9.039561e-01 3.639185e-01 5.081388e-03 6.561752e-03 0.000000e+00 1.226746e-01 0.000000e+00 0.000000e+00 -1.858802e-01 -8.730480e-02 -2.627150e-01 -1.417911e+00 
2.456584e-03 2.251376e-02 0.000000e+00 4.171451e-01 0.000000e+00 0.000000e+00 -2.489239e-01 -9.127366e-01 3.375311e-01 5.393779e-03 6.578939e-03 0.000000e+00 1.235778e-01 0.000000e+00 0.000000e+00 -1.877734e-01 -8.830425e-02 -2.650142e-01 -1.454717e+00 
3.011729e-03 2.317221e-02 0.000000e+00 4.295449e-01 0.000000e+00 0.000000e+00 -2.677937e-01 -9.216166e-01 3.109192e-01 5.709643e-03 6.588788e-03 0.000000e+00 1.244041e-01 0.000000e+00 0.000000e+00 -1.896134e-01 -8.929379e-02 -2.672039e-01 -1.491338e+00 
3.598607e-03 2.383127e-02 0.000000e+00 4.420233e-01 0.000000e+00 0.000000e+00 -2.868448e-01 -9.305950e-01 2.840940e-01 6.028343e-03 6.591081e-03 0.000000e+00 1.251514e-01 0.000000e+00 0.000000e+00 -1.913991e-01 -9.027332e-02 -2.692831e-01 -1.527700e+00 
4.217470e-03 2.449016e-02 0.000000e+00 4.545724e-01 0.000000e+00 0.000000e+00 -3.060717e-01 -9.396709e-01 2.570664e-01 6.349210e-03 6.585604e-03 0.000000e+00 1.258174e-01 0.000000e+00 0.000000e+00 -1.931290e-01 -9.124282e-02 -2.712498e-01 -1.563722e+00 
4.868499e-03 2.514812e-02 0.000000e+00 4.671840e-01 0.000000e+00 0.000000e+00 -3.254687e-01 -9.488433e-01 2.298479e-01 6.671546e-03 6.572153e-03 0.000000e+00 1.263998e-01 0.000000e+00 0.000000e+00 -1.948014e-01 -9.220231e-02 -2.731020e-01 -1.599315e+00 
5.551804e-03 2.580432e-02 0.000000e+00 4.798496e-01 0.000000e+00 0.000000e+00 -3.450300e-01 -9.581110e-01 2.024499e-01 6.994616e-03 6.550536e-03 0.000000e+00 1.268966e-01 0.000000e+00 0.000000e+00 -1.964146e-01 -9.315126e-02 -2.748383e-01 -1.634383e+00 
6.267420e-03 2.645795e-02 0.000000e+00 4.925604e-01 0.000000e+00 0.000000e+00 -3.647496e-01 -9.674731e-01 1.748840e-01 7.317651e-03 6.520571e-03 0.000000e+00 1.273054e-01 0.000000e+00 0.000000e+00 -1.979666e-01 -9.408868e-02 -2.764583e-01 -1.668820e+00 
7.015306e-03 2.710815e-02 0.000000e+00 5.053076e-01 0.000000e+00 0.000000e+00 -3.846212e-01 -9.769283e-01 1.471621e-01 7.639855e-03 6.482093e-03 0.000000e+00 1.276241e-01 0.000000e+00 0.000000e+00 -1.994553e-01 -9.501367e-02 -2.779608e-01 -1.702516e+00 
7.795336e-03 2.775408e-02 0.000000e+00 5.180821e-01 0.000000e+00 0.000000e+00 -4.046384e-01 -9.864754e-01 1.192959e-01 7.960408e-03 6.434952e-03 0.000000e+00 1.278506e-01 0.000000e+00 0.000000e+00 -2.008785e-01 -9.592534e-02 -2.793441e-01 -1.735351e+00 
8.607304e-03 2.839485e-02 0.000000e+00 5.308746e-01 0.000000e+00 0.000000e+00 -4.247946e-01 -9.961130e-01 9.129741e-02 8.278460e-03 6.379016e-03 0.000000e+00 1.279828e-01 0.000000e+00 0.000000e+00 -2.022337e-01 -9.682272e-02 -2.806064e-01 -1.767199e+00 
9.450916e-03 2.902959e-02 0.000000e+00 5.436755e-01 0.000000e+00 0.000000e+00 -4.450828e-01 -1.005839e+00 6.317875e-02 8.593136e-03 6.314174e-03 0.000000e+00 1.280189e-01 0.000000e+00 0.000000e+00 -2.035183e-01 -9.770446e-02 -2.817464e-01 -1.797926e+00 
1.032579e-02 2.965739e-02 0.000000e+00 5.564751e-01 0.000000e+00 0.000000e+00 -4.654958e-01 -1.015653e+00 3.495222e-02 8.903536e-03 6.240339e-03 0.000000e+00 1.279570e-01 0.000000e+00 0.000000e+00 -2.047298e-01 -9.856878e-02 -2.827631e-01 -1.827393e+00 
1.123145e-02 3.027735e-02 0.000000e+00 5.692636e-01 0.000000e+00 0.000000e+00 -4.860262e-01 -1.025553e+00 6.630217e-03 9.208741e-03 6.157447e-03 0.000000e+00 1.277953e-01 0.000000e+00 0.000000e+00 -2.058653e-01 -9.941386e-02 -2.836555e-01 -1.855455e+00 
1.216733e-02 3.088857e-02 0.000000e+00 5.820308e-01 0.000000e+00 0.000000e+00 -5.066663e-01 -1.035535e+00 -2.177475e-02 9.507813e-03 6.065462e-03 0.000000e+00 1.275322e-01 0.000000e+00 0.000000e+00 -2.069217e-01 -1.002378e-01 -2.844222e-01 -1.881962e+00 
1.313278e-02 3.149014e-02 0.000000e+00 5.947666e-01 0.000000e+00 0.000000e+00 -5.274078e-01 -1.045599e+00 -5.025004e-02 9.799800e-03 5.964377e-03 0.000000e+00 1.271664e-01 0.000000e+00 0.000000e+00 -2.078959e-01 -1.010383e-01 -2.850620e-01 -1.906761e+00 
1.412702e-02 3.208115e-02 0.000000e+00 6.074606e-01 0.000000e+00 0.000000e+00 -5.482426e-01 -1.055742e+00 -7.878285e-02 1.008373e-02 5.854214e-03 0.000000e+00 1.266965e-01 0.000000e+00 0.000000e+00 -2.087847e-01 -1.018130e-01 -2.855739e-01 -1.929694e+00 
1.514922e-02 3.266068e-02 0.000000e+00 6.201024e-01 0.000000e+00 0.000000e+00 -5.691618e-01 -1.065961e+00 -1.073604e-01 1.035865e-02 5.735030e-03 0.000000e+00 1.261214e-01 0.000000e+00 0.000000e+00 -2.095845e-01 -1.025601e-01 -2.859550e-01 -1.950601e+00 
1.619842e-02 3.322785e-02 0.000000e+00 6.326813e-01 0.000000e+00 0.000000e+00 -5.901564e-01 -1.076253e+00 -1.359696e-01 1.062355e-02 5.606917e-03 0.000000e+00 1.254404e-01 0.000000e+00 0.000000e+00 -2.102916e-01 -1.032760e-01 -2.862058e-01 -1.969322e+00 
1.727357e-02 3.378177e-02 0.000000e+00 6.451869e-01 0.000000e+00 0.000000e+00 -6.112169e-01 -1.086615e+00 -1.645972e-01 1.087747e-02 5.470004e-03 0.000000e+00 1.246526e-01 0.000000e+00 0.000000e+00 -2.109024e-01 -1.039581e-01 -2.863245e-01 -1.985696e+00 
1.837351e-02 3.432157e-02 0.000000e+00 6.576083e-01 0.000000e+00 0.000000e+00 -6.323335e-01 -1.097043e+00 -1.932301e-01 1.111941e-02 5.324458e-03 0.000000e+00 1.237576e-01 0.000000e+00 0.000000e+00 -2.114127e-01 -1.046031e-01 -2.863103e-01 -1.999566e+00 
1.949702e-02 3.484638e-02 0.000000e+00 6.699348e-01 0.000000e+00 0.000000e+00 -6.534960e-01 -1.107534e+00 -2.218549e-01 1.134841e-02 5.170488e-03 0.000000e+00 1.227553e-01 0.000000e+00 0.000000e+00 -2.118185e-01 -1.052076e-01 -2.861622e-01 -2.010774e+00 
2.064273e-02 3.535539e-02 0.000000e+00 6.821558e-01 0.000000e+00 0.000000e+00 -6.746936e-01 -1.118083e+00 -2.504580e-01 1.156350e-02 5.008345e-03 0.000000e+00 1.216457e-01 0.000000e+00 0.000000e+00 -2.121153e-01 -1.057681e-01 -2.858789e-01 -2.019170e+00 
2.180922e-02 3.584779e-02 0.000000e+00 6.942604e-01 0.000000e+00 0.000000e+00 -6.959153e-01 -1.128686e+00 -2.790260e-01 1.176374e-02 4.838323e-03 0.000000e+00 1.204292e-01 0.000000e+00 0.000000e+00 -2.122986e-01 -1.062813e-01 -2.854588e-01 -2.024608e+00 
2.299495e-02 3.632280e-02 0.000000e+00 7.062381e-01 0.000000e+00 0.000000e+00 -7.171494e-01 -1.139338e+00 -3.075451e-01 1.194819e-02 4.660763e-03 0.000000e+00 1.191063e-01 0.000000e+00 0.000000e+00 -2.123635e-01 -1.067431e-01 -2.849008e-01 -2.026951e+00 
2.419830e-02 3.677970e-02 0.000000e+00 7.180781e-01 0.000000e+00 0.000000e+00 -7.383839e-01 -1.150033e+00 -3.360017e-01 1.211595e-02 4.476054e-03 0.000000e+00 1.176781e-01 0.000000e+00 0.000000e+00 -2.123052e-01 -1.071492e-01 -2.842052e-01 -2.026072e+00 
2.541756e-02 3.721779e-02 0.000000e+00 7.297702e-01 0.000000e+00 0.000000e+00 -7.596061e-01 -1.160766e+00 -3.643816e-01 1.226615e-02 4.284631e-03 0.000000e+00 1.161457e-01 0.000000e+00 0.000000e+00 -2.121187e-01 -1.074948e-01 -2.833719e-01 -2.021855e+00 
2.665092e-02 3.763642e-02 0.000000e+00 7.413039e-01 0.000000e+00 0.000000e+00 -7.808031e-01 -1.171530e+00 -3.926713e-01 1.239797e-02 4.086977e-03 0.000000e+00 1.145108e-01 0.000000e+00 0.000000e+00 -2.117987e-01 -1.077763e-01 -2.823987e-01 -2.014197e+00 
2.789651e-02 3.803500e-02 0.000000e+00 7.526690e-01 0.000000e+00 0.000000e+00 -8.019612e-01 -1.182319e+00 -4.208567e-01 1.251062e-02 3.883625e-03 0.000000e+00 1.127753e-01 0.000000e+00 0.000000e+00 -2.113396e-01 -1.079891e-01 -2.812848e-01 -2.003012e+00 
2.915238e-02 3.841298e-02 0.000000e+00 7.638557e-01 0.000000e+00 0.000000e+00 -8.230663e-01 -1.193125e+00 -4.489237e-01 1.260337e-02 3.675159e-03 0.000000e+00 1.109416e-01 0.000000e+00 0.000000e+00 -2.107363e-01 -1.081277e-01 -2.800320e-01 -1.988229e+00 
3.041650e-02 3.876988e-02 0.000000e+00 7.748541e-01 0.000000e+00 0.000000e+00 -8.441035e-01 -1.203942e+00 -4.768584e-01 1.267553e-02 3.462210e-03 0.000000e+00 1.090121e-01 0.000000e+00 0.000000e+00 -2.099832e-01 -1.081875e-01 -2.786391e-01 -1.969799e+00 
3.168678e-02 3.910529e-02 0.000000e+00 7.856550e-01 0.000000e+00 0.000000e+00 -8.650577e-01 -1.214760e+00 -5.046468e-01 1.272650e-02 3.245453e-03 0.000000e+00 1.069901e-01 0.000000e+00 0.000000e+00 -2.090745e-01 -1.081642e-01 -2.771047e-01 -1.947690e+00 
3.296108e-02 3.941887e-02 0.000000e+00 7.962492e-01 0.000000e+00 0.000000e+00 -8.859131e-01 -1.225572e+00 -5.322747e-01 1.275575e-02 3.025617e-03 0.000000e+00 1.048788e-01 0.000000e+00 0.000000e+00 -2.080050e-01 -1.080517e-01 -2.754314e-01 -1.921898e+00 
3.423719e-02 3.971034e-02 0.000000e+00 8.066279e-01 0.000000e+00 0.000000e+00 -9.066532e-01 -1.236367e+00 -5.597283e-01 1.276282e-02 2.803468e-03 0.000000e+00 1.026822e-01 0.000000e+00 0.000000e+00 -2.067693e-01 -1.078453e-01 -2.736186e-01 -1.892439e+00 
3.551289e-02 3.997951e-02 0.000000e+00 8.167829e-01 0.000000e+00 0.000000e+00 -9.272612e-01 -1.247137e+00 -5.869938e-01 1.274735e-02 2.579816e-03 0.000000e+00 1.004043e-01 0.000000e+00 0.000000e+00 -2.053619e-01 -1.075404e-01 -2.716657e-01 -1.859356e+00 
3.678590e-02 4.022628e-02 0.000000e+00 8.267062e-01 0.000000e+00 0.000000e+00 -9.477197e-01 -1.257872e+00 -6.140570e-01 1.270907e-02 2.355509e-03 0.000000e+00 9.804988e-02 0.000000e+00 0.000000e+00 -2.037782e-01 -1.071310e-01 -2.695755e-01 -1.822720e+00 
3.805394e-02 4.045062e-02 0.000000e+00 8.363905e-01 0.000000e+00 0.000000e+00 -9.680108e-01 -1.268560e+00 -6.409042e-01 1.264782e-02 2.131427e-03 0.000000e+00 9.562376e-02 0.000000e+00 0.000000e+00 -2.020136e-01 -1.066125e-01 -2.673484e-01 -1.782629e+00 
3.931470e-02 4.065260e-02 0.000000e+00 8.458288e-01 0.000000e+00 0.000000e+00 -9.881162e-01 -1.279191e+00 -6.675221e-01 1.256355e-02 1.908474e-03 0.000000e+00 9.313131e-02 0.000000e+00 0.000000e+00 -2.000636e-01 -1.059805e-01 -2.649841e-01 -1.739209e+00 
4.056588e-02 4.083238e-02 0.000000e+00 8.550147e-01 0.000000e+00 0.000000e+00 -1.008017e+00 -1.289752e+00 -6.938967e-01 1.245632e-02 1.687583e-03 0.000000e+00 9.057825e-02 0.000000e+00 0.000000e+00 -1.979251e-01 -1.052293e-01 -2.624864e-01 -1.692616e+00 
4.180520e-02 4.099022e-02 0.000000e+00 8.639426e-01 0.000000e+00 0.000000e+00 -1.027695e+00 -1.300232e+00 -7.200149e-01 1.232634e-02 1.469695e-03 0.000000e+00 8.797063e-02 0.000000e+00 0.000000e+00 -1.955951e-01 -1.043549e-01 -2.598560e-01 -1.643035e+00 
4.303040e-02 4.112645e-02 0.000000e+00 8.726073e-01 0.000000e+00 0.000000e+00 -1.047130e+00 -1.310619e+00 -7.458635e-01 1.217392e-02 1.255754e-03 0.000000e+00 8.531483e-02 0.000000e+00 0.000000e+00 -1.930714e-01 -1.033538e-01 -2.570937e-01 -1.590678e+00 
4.423926e-02 4.124153e-02 0.000000e+00 8.810042e-01 0.000000e+00 0.000000e+00 -1.066303e+00 -1.320899e+00 -7.714294e-01 1.199952e-02 1.046711e-03 0.000000e+00 8.261756e-02 0.000000e+00 0.000000e+00 -1.903531e-01 -1.022214e-01 -2.542033e-01 -1.535784e+00 
4.542959e-02 4.133599e-02 0.000000e+00 8.891296e-01 0.000000e+00 0.000000e+00 -1.085194e+00 -1.331059e+00 -7.966999e-01 1.180375e-02 8.434961e-04 0.000000e+00 7.988580e-02 0.000000e+00 0.000000e+00 -1.874402e-01 -1.009545e-01 -2.511868e-01 -1.478620e+00 
4.659932e-02 4.141046e-02 0.000000e+00 8.969804e-01 0.000000e+00 0.000000e+00 -1.103784e+00 -1.341085e+00 -8.216625e-01 1.158735e-02 6.470159e-04 0.000000e+00 7.712676e-02 0.000000e+00 0.000000e+00 -1.843336e-01 -9.955133e-02 -2.480456e-01 -1.419474e+00 
4.774641e-02 4.146565e-02 0.000000e+00 9.045543e-01 0.000000e+00 0.000000e+00 -1.122054e+00 -1.350964e+00 -8.463050e-01 1.135119e-02 4.581473e-04 0.000000e+00 7.434790e-02 0.000000e+00 0.000000e+00 -1.810360e-01 -9.800931e-02 -2.447833e-01 -1.358657e+00 
4.886893e-02 4.150237e-02 0.000000e+00 9.118496e-01 0.000000e+00 0.000000e+00 -1.139985e+00 -1.360682e+00 -8.706153e-01 1.109630e-02 2.777218e-04 0.000000e+00 7.155685e-02 0.000000e+00 0.000000e+00 -1.775514e-01 -9.632697e-02 -2.414037e-01 -1.296499e+00 
4.996508e-02 4.152150e-02 0.000000e+00 9.188655e-01 0.000000e+00 0.000000e+00 -1.157558e+00 -1.370225e+00 -8.945818e-01 1.082384e-02 1.065087e-04 0.000000e+00 6.876133e-02 0.000000e+00 0.000000e+00 -1.738851e-01 -9.450470e-02 -2.379085e-01 -1.233343e+00 
5.103316e-02 4.152400e-02 0.000000e+00 9.256020e-01 0.000000e+00 0.000000e+00 -1.174756e+00 -1.379579e+00 -9.181933e-01 1.053510e-02 -5.478761e-05 0.000000e+00 6.596918e-02 0.000000e+00 0.000000e+00 -1.700440e-01 -9.254327e-02 -2.343012e-01 -1.169542e+00 
5.207160e-02 4.151089e-02 0.000000e+00 9.320597e-01 0.000000e+00 0.000000e+00 -1.191562e+00 -1.388729e+00 -9.414386e-01 1.023150e-02 -2.055391e-04 0.000000e+00 6.318828e-02 0.000000e+00 0.000000e+00 -1.660372e-01 -9.044402e-02 -2.305864e-01 -1.105459e+00 
5.307901e-02 4.148326e-02 0.000000e+00 9.382403e-01 0.000000e+00 0.000000e+00 -1.207959e+00 -1.397663e+00 -9.643071e-01 9.914571e-03 -3.452103e-04 0.000000e+00 6.042647e-02 0.000000e+00 0.000000e+00 -1.618750e-01 -8.821013e-02 -2.267677e-01 -1.041457e+00 
5.405413e-02 4.144223e-02 0.000000e+00 9.441459e-01 0.000000e+00 0.000000e+00 -1.223932e+00 -1.406367e+00 -9.867887e-01 9.585959e-03 -4.733668e-04 0.000000e+00 5.769151e-02 0.000000e+00 0.000000e+00 -1.575695e-01 -8.584641e-02 -2.228483e-01 -9.778935e-01 
5.499587e-02 4.138898e-02 0.000000e+00 9.497797e-01 0.000000e+00 0.000000e+00 -1.239468e+00 -1.414828e+00 -1.008874e+00 9.247396e-03 -5.896784e-04 0.000000e+00 5.499104e-02 0.000000e+00 0.000000e+00 -1.531344e-01 -8.335859e-02 -2.188326e-01 -9.151215e-01 
5.590334e-02 4.132470e-02 0.000000e+00 9.551455e-01 0.000000e+00 0.000000e+00 -1.254555e+00 -1.423035e+00 -1.030552e+00 8.900689e-03 -6.939271e-04 0.000000e+00 5.233252e-02 0.000000e+00 0.000000e+00 -1.485854e-01 -8.075361e-02 -2.147260e-01 -8.534792e-01 
5.677580e-02 4.125060e-02 0.000000e+00 9.602479e-01 0.000000e+00 0.000000e+00 -1.269182e+00 -1.430975e+00 -1.051816e+00 8.547708e-03 -7.860155e-04 0.000000e+00 4.972315e-02 0.000000e+00 0.000000e+00 -1.439395e-01 -7.804029e-02 -2.105332e-01 -7.932870e-01 
5.761273e-02 4.116790e-02 0.000000e+00 9.650920e-01 0.000000e+00 0.000000e+00 -1.283340e+00 -1.438639e+00 -1.072656e+00 8.190364e-03 -8.659695e-04 0.000000e+00 4.716985e-02 0.000000e+00 0.000000e+00 -1.392149e-01 -7.522931e-02 -2.062587e-01 -7.348423e-01 
5.841379e-02 4.107781e-02 0.000000e+00 9.696839e-01 0.000000e+00 0.000000e+00 -1.297023e+00 -1.446018e+00 -1.093065e+00 7.830590e-03 -9.339357e-04 0.000000e+00 4.467915e-02 0.000000e+00 0.000000e+00 -1.344313e-01 -7.233265e-02 -2.019080e-01 -6.784156e-01 
5.917883e-02 4.098151e-02 0.000000e+00 9.740302e-01 0.000000e+00 0.000000e+00 -1.310225e+00 -1.453103e+00 -1.113035e+00 7.470318e-03 -9.901792e-04 0.000000e+00 4.225721e-02 0.000000e+00 0.000000e+00 -1.296091e-01 -6.936361e-02 -1.974871e-01 -6.242467e-01 
5.990790e-02 4.088015e-02 0.000000e+00 9.781379e-01 0.000000e+00 0.000000e+00 -1.322944e+00 -1.459889e+00 -1.132560e+00 7.111460e-03 -1.035081e-03 0.000000e+00 3.990972e-02 0.000000e+00 0.000000e+00 -1.247699e-01 -6.633694e-02 -1.930026e-01 -5.725416e-01 
6.060124e-02 4.077485e-02 0.000000e+00 9.820148e-01 0.000000e+00 0.000000e+00 -1.335179e+00 -1.466369e+00 -1.151634e+00 6.755887e-03 -1.069134e-03 0.000000e+00 3.764187e-02 0.000000e+00 0.000000e+00 -1.199355e-01 -6.326910e-02 -1.884606e-01 -5.234698e-01 
6.125925e-02 4.066667e-02 0.000000e+00 9.856690e-01 0.000000e+00 0.000000e+00 -1.346932e+00 -1.472542e+00 -1.170251e+00 6.405407e-03 -1.092932e-03 0.000000e+00 3.545830e-02 0.000000e+00 0.000000e+00 -1.151276e-01 -6.017774e-02 -1.838677e-01 -4.771629e-01 
6.188255e-02 4.055659e-02 0.000000e+00 9.891094e-01 0.000000e+00 0.000000e+00 -1.358207e+00 -1.478405e+00 -1.188406e+00 6.061746e-03 -1.107156e-03 0.000000e+00 3.336309e-02 0.000000e+00 0.000000e+00 -1.103684e-01 -5.708136e-02 -1.792311e-01 -4.337141e-01 
6.247188e-02 4.044553e-02 0.000000e+00 9.923447e-01 0.000000e+00 0.000000e+00 -1.369008e+00 -1.483959e+00 -1.206096e+00 5.726525e-03 -1.112563e-03 0.000000e+00 3.135969e-02 0.000000e+00 0.000000e+00 -1.056792e-01 -5.399913e-02 -1.745586e-01 -3.931781e-01 
6.302818e-02 4.033434e-02 0.000000e+00 9.953845e-01 0.000000e+00 0.000000e+00 -1.379345e+00 -1.489206e+00 -1.223317e+00 5.401243e-03 -1.109971e-03 0.000000e+00 2.945094e-02 0.000000e+00 0.000000e+00 -1.010807e-01 -5.095072e-02 -1.698580e-01 -3.555726e-01 
6.355251e-02 4.022377e-02 0.000000e+00 9.982381e-01 0.000000e+00 0.000000e+00 -1.389228e+00 -1.494151e+00 -1.240067e+00 5.087268e-03 -1.100246e-03 0.000000e+00 2.763904e-02 0.000000e+00 0.000000e+00 -9.659265e-02 -4.795619e-02 -1.651371e-01 -3.208796e-01 
6.404605e-02 4.011450e-02 0.000000e+00 1.000916e+00 0.000000e+00 0.000000e+00 -1.398668e+00 -1.498800e+00 -1.256344e+00 4.785813e-03 -1.084281e-03 0.000000e+00 2.592548e-02 0.000000e+00 0.000000e+00 -9.223312e-02 -4.503542e-02 -1.604038e-01 -2.890486e-01 
6.451012e-02 4.000709e-02 0.000000e+00 1.003427e+00 0.000000e+00 0.000000e+00 -1.407680e+00 -1.503161e+00 -1.272147e+00 4.497932e-03 -1.062981e-03 0.000000e+00 2.431113e-02 0.000000e+00 0.000000e+00 -8.801875e-02 -4.220764e-02 -1.556663e-01 -2.599998e-01 
6.494612e-02 3.990205e-02 0.000000e+00 1.005781e+00 0.000000e+00 0.000000e+00 -1.416277e+00 -1.507245e+00 -1.287477e+00 4.224504e-03 -1.037245e-03 0.000000e+00 2.279619e-02 0.000000e+00 0.000000e+00 -8.396431e-02 -3.949110e-02 -1.509326e-01 -2.336276e-01 
6.535553e-02 3.979976e-02 0.000000e+00 1.007989e+00 0.000000e+00 0.000000e+00 -1.424478e+00 -1.511063e+00 -1.302334e+00 3.966233e-03 -1.007949e-03 0.000000e+00 2.138020e-02 0.000000e+00 0.000000e+00 -8.008252e-02 -3.690268e-02 -1.462110e-01 -2.098055e-01 
6.573989e-02 3.970055e-02 0.000000e+00 1.010060e+00 0.000000e+00 0.000000e+00 -1.432300e+00 -1.514630e+00 -1.316720e+00 3.723640e-03 -9.759320e-04 0.000000e+00 2.006204e-02 0.000000e+00 0.000000e+00 -7.638376e-02 -3.445776e-02 -1.415090e-01 -1.883896e-01 
6.610079e-02 3.960464e-02 0.000000e+00 1.012005e+00 0.000000e+00 0.000000e+00 -1.439761e+00 -1.517960e+00 -1.330637e+00 3.497064e-03 -9.419840e-04 0.000000e+00 1.883999e-02 0.000000e+00 0.000000e+00 -7.287606e-02 -3.216966e-02 -1.368335e-01 -1.692236e-01 
6.643984e-02 3.951219e-02 0.000000e+00 1.013832e+00 0.000000e+00 0.000000e+00 -1.446882e+00 -1.521070e+00 -1.344088e+00 3.286660e-03 -9.068294e-04 0.000000e+00 1.771172e-02 0.000000e+00 0.000000e+00 -6.956505e-02 -3.004928e-02 -1.321916e-01 -1.521431e-01 
6.675866e-02 3.942329e-02 0.000000e+00 1.015550e+00 0.000000e+00 0.000000e+00 -1.453681e+00 -1.523976e+00 -1.357077e+00 3.092406e-03 -8.711193e-04 0.000000e+00 1.667435e-02 0.000000e+00 0.000000e+00 -6.645393e-02 -2.810481e-02 -1.275894e-01 -1.369792e-01 
6.705886e-02 3.933797e-02 0.000000e+00 1.017169e+00 0.000000e+00 0.000000e+00 -1.460179e+00 -1.526697e+00 -1.369607e+00 2.914107e-03 -8.354238e-04 0.000000e+00 1.572445e-02 0.000000e+00 0.000000e+00 -6.354347e-02 -2.634161e-02 -1.230327e-01 -1.235627e-01 
6.734200e-02 3.925619e-02 0.000000e+00 1.018698e+00 0.000000e+00 0.000000e+00 -1.466396e+00 -1.529250e+00 -1.381685e+00 2.751403e-03 -8.002291e-04 0.000000e+00 1.485812e-02 0.000000e+00 0.000000e+00 -6.083191e-02 -2.476222e-02 -1.185261e-01 -1.117266e-01 
6.760964e-02 3.917789e-02 0.000000e+00 1.020144e+00 0.000000e+00 0.000000e+00 -1.472352e+00 -1.531655e+00 -1.393314e+00 2.603781e-03 -7.659328e-04 0.000000e+00 1.407098e-02 0.000000e+00 0.000000e+00 -5.831521e-02 -2.336610e-02 -1.140738e-01 -1.013092e-01 
6.786324e-02 3.910297e-02 0.000000e+00 1.021514e+00 0.000000e+00 0.000000e+00 -1.478066e+00 -1.533929e+00 -1.404502e+00 2.470584e-03 -7.328438e-04 0.000000e+00 1.335829e-02 0.000000e+00 0.000000e+00 -5.598716e-02 -2.214959e-02 -1.096791e-01 -9.215606e-02 
6.810421e-02 3.903128e-02 0.000000e+00 1.022818e+00 0.000000e+00 0.000000e+00 -1.483556e+00 -1.536091e+00 -1.415252e+00 2.351027e-03 -7.011849e-04 0.000000e+00 1.271492e-02 0.000000e+00 0.000000e+00 -5.383950e-02 -2.110604e-02 -1.053449e-01 -8.412129e-02 
6.833387e-02 3.896268e-02 0.000000e+00 1.024060e+00 0.000000e+00 0.000000e+00 -1.488839e+00 -1.538156e+00 -1.425573e+00 2.244208e-03 -6.710994e-04 0.000000e+00 1.213548e-02 0.000000e+00 0.000000e+00 -5.186199e-02 -2.022619e-02 -1.010731e-01 -7.706873e-02 
6.855344e-02 3.889700e-02 0.000000e+00 1.025247e+00 0.000000e+00 0.000000e+00 -1.493933e+00 -1.540141e+00 -1.435469e+00 2.149129e-03 -6.426562e-04 0.000000e+00 1.161431e-02 0.000000e+00 0.000000e+00 -5.004265e-02 -1.949823e-02 -9.686476e-02 -7.087235e-02 
6.876405e-02 3.883409e-02 0.000000e+00 1.026384e+00 0.000000e+00 0.000000e+00 -1.498853e+00 -1.542060e+00 -1.444948e+00 2.064707e-03 -6.158567e-04 0.000000e+00 1.114558e-02 0.000000e+00 0.000000e+00 -4.836801e-02 -1.890808e-02 -9.272089e-02 -6.541642e-02 
6.896670e-02 3.877378e-02 0.000000e+00 1.027477e+00 0.000000e+00 0.000000e+00 -1.503611e+00 -1.543927e+00 -1.454015e+00 1.989796e-03 -5.906441e-04 0.000000e+00 1.072333e-02 0.000000e+00 0.000000e+00 -4.682332e-02 -1.843972e-02 -8.864203e-02 -6.059540e-02 
6.916229e-02 3.871591e-02 0.000000e+00 1.028530e+00 0.000000e+00 0.000000e+00 -1.508221e+00 -1.545752e+00 -1.462678e+00 1.923200e-03 -5.669148e-04 0.000000e+00 1.034154e-02 0.000000e+00 0.000000e+00 -4.539271e-02 -1.807575e-02 -8.462828e-02 -5.631348e-02 
6.935158e-02 3.866035e-02 0.000000e+00 1.029547e+00 0.000000e+00 0.000000e+00 -1.512693e+00 -1.547545e+00 -1.470943e+00 1.863696e-03 -5.445277e-04 0.000000e+00 9.994190e-03 0.000000e+00 0.000000e+00 -4.405941e-02 -1.779777e-02 -8.067947e-02 -5.248416e-02 
6.953522e-02 3.860697e-02 0.000000e+00 1.030530e+00 0.000000e+00 0.000000e+00 -1.517036e+00 -1.549314e+00 -1.478816e+00 1.810048e-03 -5.233132e-04 0.000000e+00 9.675320e-03 0.000000e+00 0.000000e+00 -4.280612e-02 -1.758670e-02 -7.679552e-02 -4.902976e-02 
6.971374e-02 3.855565e-02 0.000000e+00 1.031483e+00 0.000000e+00 0.000000e+00 -1.521256e+00 -1.551064e+00 -1.486304e+00 1.761028e-03 -5.030834e-04 0.000000e+00 9.379105e-03 0.000000e+00 0.000000e+00 -4.161521e-02 -1.742326e-02 -7.297654e-02 -4.588092e-02 
6.988754e-02 3.850632e-02 0.000000e+00 1.032406e+00 0.000000e+00 0.000000e+00 -1.525360e+00 -1.552799e+00 -1.493414e+00 1.715429e-03 -4.836414e-04 0.000000e+00 9.099905e-03 0.000000e+00 0.000000e+00 -4.046896e-02 -1.728840e-02 -6.922276e-02 -4.297621e-02 
7.005690e-02 3.845891e-02 0.000000e+00 1.033303e+00 0.000000e+00 0.000000e+00 -1.529351e+00 -1.554522e+00 -1.500151e+00 1.672088e-03 -4.647899e-04 0.000000e+00 8.832331e-03 0.000000e+00 0.000000e+00 -3.934986e-02 -1.716383e-02 -6.553456e-02 -4.026178e-02 
7.022200e-02 3.841335e-02 0.000000e+00 1.034173e+00 0.000000e+00 0.000000e+00 -1.533230e+00 -1.556232e+00 -1.506523e+00 1.629895e-03 -4.463379e-04 0.000000e+00 8.571303e-03 0.000000e+00 0.000000e+00 -3.824087e-02 -1.703222e-02 -6.191270e-02 -3.769117e-02 
7.038289e-02 3.836963e-02 0.000000e+00 1.035017e+00 0.000000e+00 0.000000e+00 -1.536999e+00 -1.557927e+00 -1.512536e+00 1.587813e-03 -4.281062e-04 0.000000e+00 8.312112e-03 0.000000e+00 0.000000e+00 -3.712574e-02 -1.687755e-02 -5.835845e-02 -3.522518e-02 
7.053953e-02 3.832773e-02 0.000000e+00 1.035835e+00 0.000000e+00 0.000000e+00 -1.540655e+00 -1.559606e+00 -1.518197e+00 1.544888e-03 -4.099323e-04 0.000000e+00 8.050466e-03 0.000000e+00 0.000000e+00 -3.598928e-02 -1.668536e-02 -5.487351e-02 -3.283182e-02 
7.069181e-02 3.828765e-02 0.000000e+00 1.036627e+00 0.000000e+00 0.000000e+00 -1.544196e+00 -1.561263e+00 -1.523513e+00 1.500263e-03 -3.916747e-04 0.000000e+00 7.782537e-03 0.000000e+00 0.000000e+00 -3.481757e-02 -1.644304e-02 -5.146006e-02 -3.048621e-02 
7.083950e-02 3.824940e-02 0.000000e+00 1.037392e+00 0.000000e+00 0.000000e+00 -1.547617e+00 -1.562893e+00 -1.528491e+00 1.453188e-03 -3.732157e-04 0.000000e+00 7.504999e-03 0.000000e+00 0.000000e+00 -3.359826e-02 -1.613997e-02 -4.812056e-02 -2.817056e-02 
7.098234e-02 3.821301e-02 0.000000e+00 1.038128e+00 0.000000e+00 0.000000e+00 -1.550913e+00 -1.564489e+00 -1.533140e+00 1.403028e-03 -3.544622e-04 0.000000e+00 7.215062e-03 0.000000e+00 0.000000e+00 -3.232073e-02 -1.576762e-02 -4.485794e-02 -2.587398e-02 
7.111999e-02 3.817852e-02 0.000000e+00 1.038834e+00 0.000000e+00 0.000000e+00 -1.554079e+00 -1.566044e+00 -1.537466e+00 1.349270e-03 -3.353470e-04 0.000000e+00 6.910498e-03 0.000000e+00 0.000000e+00 -3.097637e-02 -1.531956e-02 -4.167547e-02 -2.359228e-02 
7.125206e-02 3.814596e-02 0.000000e+00 1.039509e+00 0.000000e+00 0.000000e+00 -1.557106e+00 -1.567550e+00 -1.541478e+00 1.291526e-03 -3.158280e-04 0.000000e+00 6.589658e-03 0.000000e+00 0.000000e+00 -2.955871e-02 -1.479151e-02 -3.857677e-02 -2.132757e-02 
7.137815e-02 3.811537e-02 0.000000e+00 1.040151e+00 0.000000e+00 0.000000e+00 -1.559988e+00 -1.568999e+00 -1.545184e+00 1.229539e-03 -2.958885e-04 0.000000e+00 6.251474e-03 0.000000e+00 0.000000e+00 -2.806352e-02 -1.418127e-02 -3.556568e-02 -1.908767e-02 
7.149782e-02 3.808680e-02 0.000000e+00 1.040759e+00 0.000000e+00 0.000000e+00 -1.562716e+00 -1.570383e+00 -1.548594e+00 1.163179e-03 -2.755353e-04 0.000000e+00 5.895462e-03 0.000000e+00 0.000000e+00 -2.648894e-02 -1.348867e-02 -3.264621e-02 -1.688542e-02 
7.161064e-02 3.806028e-02 0.000000e+00 1.041330e+00 0.000000e+00 0.000000e+00 -1.565283e+00 -1.571694e+00 -1.551716e+00 1.092444e-03 -2.547978e-04 0.000000e+00 5.521705e-03 0.000000e+00 0.000000e+00 -2.483545e-02 -1.271546e-02 -2.982242e-02 -1.473777e-02 
7.171617e-02 3.803585e-02 0.000000e+00 1.041863e+00 0.000000e+00 0.000000e+00 -1.567681e+00 -1.572924e+00 -1.554562e+00 1.017454e-03 -2.337264e-04 0.000000e+00 5.130839e-03 0.000000e+00 0.000000e+00 -2.310591e-02 -1.186517e-02 -2.709839e-02 -1.266473e-02 
7.181400e-02 3.801354e-02 0.000000e+00 1.042356e+00 0.000000e+00 0.000000e+00 -1.569902e+00 -1.574065e+00 -1.557139e+00 9.384497e-04 -2.123902e-04 0.000000e+00 4.724020e-03 0.000000e+00 0.000000e+00 -2.130548e-02 -1.094295e-02 -2.447815e-02 -1.068821e-02 
7.190374e-02 3.799337e-02 0.000000e+00 1.042807e+00 0.000000e+00 0.000000e+00 -1.571940e+00 -1.575110e+00 -1.559461e+00 8.557786e-04 -1.908748e-04 0.000000e+00 4.302889e-03 0.000000e+00 0.000000e+00 -1.944149e-02 -9.955390e-03 -2.196566e-02 -8.830797e-03 
7.198505e-02 3.797537e-02 0.000000e+00 1.043216e+00 0.000000e+00 0.000000e+00 -1.573788e+00 -1.576054e+00 -1.561536e+00 7.698901e-04 -1.692805e-04 0.000000e+00 3.869531e-03 0.000000e+00 0.000000e+00 -1.752333e-02 -8.910349e-03 -1.956476e-02 -7.114487e-03 
7.205763e-02 3.795952e-02 0.000000e+00 1.043581e+00 0.000000e+00 0.000000e+00 -1.575443e+00 -1.576891e+00 -1.563378e+00 6.813238e-04 -1.477201e-04 0.000000e+00 3.426426e-03 0.000000e+00 0.000000e+00 -1.556225e-02 -7.816752e-03 -1.727912e-02 -5.559460e-03 
7.212124e-02 3.794582e-02 0.000000e+00 1.043901e+00 0.000000e+00 0.000000e+00 -1.576900e+00 -1.577616e+00 -1.564996e+00 5.906972e-04 -1.263166e-04 0.000000e+00 2.976394e-03 0.000000e+00 0.000000e+00 -1.357107e-02 -6.684416e-03 -1.511226e-02 -4.182959e-03 
7.217572e-02 3.793424e-02 0.000000e+00 1.044176e+00 0.000000e+00 0.000000e+00 -1.578157e+00 -1.578227e+00 -1.566404e+00 4.986940e-04 -1.052015e-04 0.000000e+00 2.522541e-03 0.000000e+00 0.000000e+00 -1.156399e-02 -5.523880e-03 -1.306741e-02 -2.998298e-03 
7.222096e-02 3.792476e-02 0.000000e+00 1.044405e+00 0.000000e+00 0.000000e+00 -1.579213e+00 -1.578720e+00 -1.567614e+00 4.060502e-04 -8.451222e-05 0.000000e+00 2.068195e-03 0.000000e+00 0.000000e+00 -9.556276e-03 -4.346215e-03 -1.114759e-02 -2.014066e-03 
7.225694e-02 3.791732e-02 0.000000e+00 1.044589e+00 0.000000e+00 0.000000e+00 -1.580068e+00 -1.579096e+00 -1.568638e+00 3.135404e-04 -6.438977e-05 0.000000e+00 1.616854e-03 0.000000e+00 0.000000e+00 -7.563963e-03 -3.162826e-03 -9.355651e-03 -1.233566e-03 
7.228370e-02 3.791186e-02 0.000000e+00 1.044729e+00 0.000000e+00 0.000000e+00 -1.580726e+00 -1.579353e+00 -1.569489e+00 2.219646e-04 -4.497654e-05 0.000000e+00 1.172121e-03 0.000000e+00 0.000000e+00 -5.603589e-03 -1.985280e-03 -7.694229e-03 -6.545012e-04 
7.230139e-02 3.790830e-02 0.000000e+00 1.044824e+00 0.000000e+00 0.000000e+00 -1.581191e+00 -1.579493e+00 -1.570181e+00 1.321341e-04 -2.641409e-05 0.000000e+00 7.376478e-04 0.000000e+00 0.000000e+00 -3.691875e-03 -8.251511e-04 -6.165785e-03 -2.689370e-04 
7.231021e-02 3.790655e-02 0.000000e+00 1.044877e+00 0.000000e+00 0.000000e+00 -1.581467e+00 -1.579519e+00 -1.570727e+00 4.485889e-05 -8.841369e-06 0.000000e+00 3.170761e-04 0.000000e+00 0.000000e+00 -1.845420e-03 3.061043e-04 -4.772525e-03 -6.352129e-05 
7.231047e-02 3.790649e-02 0.000000e+00 1.044888e+00 0.000000e+00 0.000000e+00 -1.581563e+00 -1.579433e+00 -1.571140e+00 -3.906473e-05 7.607890e-06 0.000000e+00 -8.601326e-05 0.000000e+00 0.000000e+00 -8.045429e-05 1.397329e-03 -3.516486e-03 -1.996457e-05 
7.230254e-02 3.790803e-02 0.000000e+00 1.044860e+00 0.000000e+00 0.000000e+00 -1.581486e+00 -1.579241e+00 -1.571435e+00 -1.188661e-04 2.280727e-05 0.000000e+00 -4.681508e-04 0.000000e+00 0.000000e+00 1.587418e-03 2.437804e-03 -2.399554e-03 -1.157426e-04 
7.228686e-02 3.791101e-02 0.000000e+00 1.044795e+00 0.000000e+00 0.000000e+00 -1.581249e+00 -1.578948e+00 -1.571625e+00 -1.938106e-04 3.663952e-05 0.000000e+00 -8.260233e-04 0.000000e+00 0.000000e+00 3.143442e-03 3.417363e-03 -1.423443e-03 -3.249887e-04 
7.226396e-02 3.791530e-02 0.000000e+00 1.044696e+00 0.000000e+00 0.000000e+00 -1.580862e+00 -1.578560e+00 -1.571724e+00 -2.632090e-04 4.899831e-05 0.000000e+00 -1.156515e-03 0.000000e+00 0.000000e+00 4.573918e-03 4.326510e-03 -5.896926e-04 -6.195296e-04 
7.223442e-02 3.792076e-02 0.000000e+00 1.044565e+00 0.000000e+00 0.000000e+00 -1.580339e+00 -1.578085e+00 -1.571748e+00 -3.264254e-04 5.978975e-05 0.000000e+00 -1.456743e-03 0.000000e+00 0.000000e+00 5.866356e-03 5.156514e-03 1.003456e-04 -9.700156e-04 
7.219890e-02 3.792721e-02 0.000000e+00 1.044406e+00 0.000000e+00 0.000000e+00 -1.579694e+00 -1.577532e+00 -1.571709e+00 -3.828849e-04 6.893386e-05 0.000000e+00 -1.724088e-03 0.000000e+00 0.000000e+00 7.009611e-03 5.899510e-03 6.454934e-04 -1.347092e-03 
7.215809e-02 3.793449e-02 0.000000e+00 1.044221e+00 0.000000e+00 0.000000e+00 -1.578942e+00 -1.576908e+00 -1.571623e+00 -4.320784e-04 7.636557e-05 0.000000e+00 -1.956217e-03 0.000000e+00 0.000000e+00 7.993974e-03 6.548572e-03 1.044755e-03 -1.722557e-03 
7.211274e-02 3.794242e-02 0.000000e+00 1.044016e+00 0.000000e+00 0.000000e+00 -1.578100e+00 -1.576225e+00 -1.571505e+00 -4.735673e-04 8.203547e-05 0.000000e+00 -2.151105e-03 0.000000e+00 0.000000e+00 8.811239e-03 7.097778e-03 1.297328e-03 -2.070464e-03 
7.206364e-02 3.795083e-02 0.000000e+00 1.043793e+00 0.000000e+00 0.000000e+00 -1.577186e+00 -1.575492e+00 -1.571369e+00 -5.069866e-04 8.591017e-05 0.000000e+00 -2.307050e-03 0.000000e+00 0.000000e+00 9.454733e-03 7.542251e-03 1.402616e-03 -2.368115e-03 
